255,140,0|0,0,0|0,0,0|0,0,0|0,0,0|0,0,0|0,0,0|0,0,0|0,0,0|0,0,0|0,0,0|0,0,0|0,0,0|0,0,0|0,0,0|0,0,0|0,0,0|0,0,0|0,0,0|0,0,0|0,0,0|0,0,0|0,0,0|0,0,0|0,0,0|0,0,0|0,0,0|0,0,0|0,0,0|0,0,0|0,0,0|0,0,0|0,0,0|0,0,0|0,0,0|0,0,0|0,0,0|0,0,0|0,0,0|0,0,0|0,0,0|0,0,0|0,0,0|0,0,0|0,0,0|0,0,0|0,0,0|0,0,0|0,0,0|0,0,0|0,0,0|0,0,0|0,0,0|0,0,0|0,0,0|0,0,0|0,0,0|0,0,0|0,0,0|0,0,0|0,0,0|0,0,0|0,0,0|255,140,0
0,0,0|0,0,0|0,0,0|0,0,0|0,0,0|0,0,0|0,0,0|0,0,0|0,0,0|0,0,0|0,0,0|0,0,0|0,0,0|0,0,0|0,0,0|0,0,0|0,0,0|0,0,0|0,0,0|0,0,0|0,0,0|0,0,0|0,0,0|0,0,0|0,0,0|0,0,0|0,0,0|0,0,0|0,0,0|0,0,0|0,0,0|0,0,0|0,0,0|0,0,0|0,0,0|0,0,0|0,0,0|0,0,0|0,0,0|0,0,0|0,0,0|0,0,0|0,0,0|0,0,0|0,0,0|0,0,0|0,0,0|0,0,0|0,0,0|0,0,0|0,0,0|0,0,0|0,0,0|0,0,0|0,0,0|0,0,0|0,0,0|0,0,0|0,0,0|0,0,0|0,0,0|0,0,0|0,0,0|0,0,0
0,0,0|0,0,0|0,0,0|0,0,0|0,0,0|0,0,0|0,0,0|0,0,0|0,0,0|0,0,0|0,0,0|0,0,0|0,0,0|0,0,0|0,0,0|0,0,0|0,0,0|0,0,0|0,0,0|0,0,0|0,0,0|0,0,0|0,0,0|0,0,0|0,0,0|0,0,0|0,0,0|0,0,0|0,0,0|0,0,0|0,0,0|0,0,0|0,0,0|0,0,0|0,0,0|0,0,0|0,0,0|0,0,0|0,0,0|0,0,0|0,0,0|0,0,0|0,0,0|0,0,0|0,0,0|0,0,0|0,0,0|0,0,0|0,0,0|0,0,0|0,0,0|0,0,0|0,0,0|0,0,0|0,0,0|0,0,0|0,0,0|0,0,0|0,0,0|0,0,0|0,0,0|0,0,0|0,0,0|0,0,0
0,0,0|0,0,0|0,0,0|0,0,0|0,0,0|0,0,0|0,0,0|0,0,0|0,0,0|0,0,0|0,0,0|0,0,0|0,0,0|0,0,0|0,0,0|0,0,0|0,0,0|0,0,0|0,0,0|0,0,0|0,0,0|0,0,0|0,0,0|0,0,0|0,0,0|0,0,0|0,0,0|0,0,0|0,0,0|0,0,0|0,0,0|0,0,0|0,0,0|0,0,0|0,0,0|0,0,0|0,0,0|0,0,0|0,0,0|0,0,0|0,0,0|0,0,0|0,0,0|0,0,0|0,0,0|0,0,0|0,0,0|0,0,0|0,0,0|0,0,0|0,0,0|0,0,0|0,0,0|0,0,0|0,0,0|0,0,0|0,0,0|0,0,0|0,0,0|0,0,0|0,0,0|0,0,0|0,0,0|0,0,0
0,0,0|0,0,0|0,0,0|0,0,0|0,0,0|0,0,0|0,0,0|0,0,0|0,0,0|0,0,0|0,0,0|0,0,0|0,0,0|0,0,0|0,0,0|0,0,0|0,0,0|0,0,0|0,0,0|0,0,0|0,0,0|0,0,0|0,0,0|0,0,0|0,0,0|0,0,0|0,0,0|0,0,0|0,0,0|0,0,0|0,0,0|0,0,0|0,0,0|0,0,0|0,0,0|0,0,0|0,0,0|0,0,0|0,0,0|0,0,0|0,0,0|0,0,0|0,0,0|0,0,0|0,0,0|0,0,0|0,0,0|0,0,0|0,0,0|0,0,0|0,0,0|0,0,0|0,0,0|0,0,0|0,0,0|0,0,0|0,0,0|0,0,0|0,0,0|0,0,0|0,0,0|0,0,0|0,0,0|0,0,0
0,0,0|0,0,0|0,0,0|0,0,0|0,0,0|0,0,0|0,0,0|0,0,0|0,0,0|0,0,0|0,0,0|0,0,0|0,0,0|0,0,0|0,0,0|0,0,0|0,0,0|0,0,0|0,0,0|0,0,0|0,0,0|0,0,0|0,0,0|0,0,0|0,0,0|0,0,0|0,0,0|0,0,0|0,0,0|0,0,0|0,0,0|0,0,0|0,0,0|0,0,0|0,0,0|0,0,0|0,0,0|0,0,0|0,0,0|0,0,0|0,0,0|0,0,0|0,0,0|0,0,0|0,0,0|0,0,0|0,0,0|0,0,0|0,0,0|0,0,0|0,0,0|0,0,0|0,0,0|0,0,0|0,0,0|0,0,0|0,0,0|0,0,0|0,0,0|0,0,0|0,0,0|0,0,0|0,0,0|0,0,0
0,0,0|0,0,0|0,0,0|0,0,0|0,0,0|0,0,0|0,0,0|0,0,0|0,0,0|0,0,0|0,0,0|0,0,0|0,0,0|0,0,0|0,0,0|0,0,0|0,0,0|0,0,0|0,0,0|0,0,0|0,0,0|0,0,0|0,0,0|0,0,0|0,0,0|0,0,0|0,0,0|0,0,0|0,0,0|0,0,0|0,0,0|0,0,0|0,0,0|0,0,0|0,0,0|0,0,0|0,0,0|0,0,0|0,0,0|0,0,0|0,0,0|0,0,0|0,0,0|0,0,0|0,0,0|0,0,0|0,0,0|0,0,0|0,0,0|0,0,0|0,0,0|0,0,0|0,0,0|0,0,0|0,0,0|0,0,0|0,0,0|0,0,0|0,0,0|0,0,0|0,0,0|0,0,0|0,0,0|0,0,0
0,0,0|0,0,0|0,0,0|0,0,0|0,0,0|0,0,0|0,0,0|0,0,0|0,0,0|0,0,0|0,0,0|0,0,0|0,0,0|0,0,0|0,0,0|0,0,0|0,0,0|0,0,0|0,0,0|0,0,0|0,0,0|0,0,0|0,0,0|0,0,0|0,0,0|0,0,0|0,0,0|0,0,0|0,0,0|0,0,0|0,0,0|0,0,0|0,0,0|0,0,0|0,0,0|0,0,0|0,0,0|0,0,0|0,0,0|0,0,0|0,0,0|0,0,0|0,0,0|0,0,0|0,0,0|0,0,0|0,0,0|0,0,0|0,0,0|0,0,0|0,0,0|0,0,0|0,0,0|0,0,0|0,0,0|0,0,0|0,0,0|0,0,0|0,0,0|0,0,0|0,0,0|0,0,0|0,0,0|0,0,0
0,0,0|0,0,0|0,0,0|0,0,0|0,0,0|0,0,0|0,0,0|0,0,0|0,0,0|0,0,0|0,0,0|0,0,0|0,0,0|0,0,0|0,0,0|0,0,0|0,0,0|0,0,0|0,0,0|0,0,0|0,0,0|0,0,0|0,0,0|0,0,0|0,0,0|0,0,0|0,0,0|0,0,0|0,0,0|0,0,0|0,0,0|0,0,0|0,0,0|0,0,0|0,0,0|0,0,0|0,0,0|0,0,0|0,0,0|0,0,0|0,0,0|0,0,0|0,0,0|0,0,0|0,0,0|0,0,0|0,0,0|0,0,0|0,0,0|0,0,0|0,0,0|0,0,0|0,0,0|0,0,0|0,0,0|0,0,0|0,0,0|0,0,0|0,0,0|0,0,0|0,0,0|0,0,0|0,0,0|0,0,0
0,0,0|0,0,0|0,0,0|0,0,0|0,0,0|0,0,0|0,0,0|0,0,0|0,0,0|0,0,0|0,0,0|0,0,0|0,0,0|0,0,0|0,0,0|0,0,0|0,0,0|0,0,0|0,0,0|0,0,0|0,0,0|0,0,0|0,0,0|0,0,0|0,0,0|0,0,0|0,0,0|0,0,0|0,0,0|0,0,0|0,0,0|0,0,0|0,0,0|0,0,0|0,0,0|0,0,0|0,0,0|0,0,0|0,0,0|0,0,0|0,0,0|0,0,0|0,0,0|0,0,0|0,0,0|0,0,0|0,0,0|0,0,0|0,0,0|0,0,0|0,0,0|0,0,0|0,0,0|0,0,0|0,0,0|0,0,0|0,0,0|0,0,0|0,0,0|0,0,0|0,0,0|0,0,0|0,0,0|0,0,0
0,0,0|0,0,0|0,0,0|0,0,0|0,0,0|0,0,0|0,0,0|0,0,0|0,0,0|0,0,0|0,0,0|0,0,0|0,0,0|0,0,0|0,0,0|0,0,0|0,0,0|0,0,0|0,0,0|0,0,0|0,0,0|0,0,0|0,0,0|0,0,0|0,0,0|0,0,0|0,0,0|0,0,0|0,0,0|0,0,0|0,0,0|0,0,0|0,0,0|0,0,0|0,0,0|0,0,0|0,0,0|0,0,0|0,0,0|0,0,0|0,0,0|0,0,0|0,0,0|0,0,0|0,0,0|0,0,0|0,0,0|0,0,0|0,0,0|0,0,0|0,0,0|0,0,0|0,0,0|0,0,0|0,0,0|0,0,0|0,0,0|0,0,0|0,0,0|0,0,0|0,0,0|0,0,0|0,0,0|0,0,0
0,0,0|0,0,0|0,0,0|0,0,0|0,0,0|0,0,0|0,0,0|0,0,0|0,0,0|0,0,0|0,0,0|0,0,0|0,0,0|0,0,0|0,0,0|0,0,0|0,0,0|0,0,0|0,0,0|0,0,0|0,0,0|0,0,0|0,0,0|0,0,0|0,0,0|0,0,0|0,0,0|0,0,0|0,0,0|0,0,0|0,0,0|0,0,0|0,0,0|0,0,0|0,0,0|0,0,0|0,0,0|0,0,0|0,0,0|0,0,0|0,0,0|0,0,0|0,0,0|0,0,0|0,0,0|0,0,0|0,0,0|0,0,0|0,0,0|0,0,0|0,0,0|0,0,0|0,0,0|0,0,0|0,0,0|0,0,0|0,0,0|0,0,0|0,0,0|0,0,0|0,0,0|0,0,0|0,0,0|0,0,0
0,0,0|0,0,0|0,0,0|0,0,0|0,0,0|0,0,0|0,0,0|0,0,0|0,0,0|0,0,0|0,0,0|0,0,0|0,0,0|0,0,0|0,0,0|0,0,0|0,0,0|0,0,0|0,0,0|0,0,0|0,0,0|0,0,0|0,0,0|0,0,0|0,0,0|0,0,0|0,0,0|0,0,0|0,0,0|0,0,0|0,0,0|0,0,0|0,0,0|0,0,0|0,0,0|0,0,0|0,0,0|0,0,0|0,0,0|0,0,0|0,0,0|0,0,0|0,0,0|0,0,0|0,0,0|0,0,0|0,0,0|0,0,0|0,0,0|0,0,0|0,0,0|0,0,0|0,0,0|0,0,0|0,0,0|0,0,0|0,0,0|0,0,0|0,0,0|0,0,0|0,0,0|0,0,0|0,0,0|0,0,0
0,0,0|0,0,0|0,0,0|0,0,0|0,0,0|0,0,0|0,0,0|0,0,0|0,0,0|0,0,0|0,0,0|0,0,0|0,0,0|0,0,0|0,0,0|0,0,0|0,0,0|0,0,0|0,0,0|0,0,0|0,0,0|0,0,0|0,0,0|0,0,0|0,0,0|0,0,0|0,0,0|0,0,0|0,0,0|0,0,0|0,0,0|0,0,0|0,0,0|0,0,0|0,0,0|0,0,0|0,0,0|0,0,0|0,0,0|0,0,0|0,0,0|0,0,0|0,0,0|0,0,0|0,0,0|0,0,0|0,0,0|0,0,0|0,0,0|0,0,0|0,0,0|0,0,0|0,0,0|0,0,0|0,0,0|0,0,0|0,0,0|0,0,0|0,0,0|0,0,0|0,0,0|0,0,0|0,0,0|0,0,0
0,0,0|0,0,0|0,0,0|0,0,0|0,0,0|0,0,0|0,0,0|0,0,0|0,0,0|0,0,0|0,0,0|0,0,0|0,0,0|0,0,0|0,0,0|0,0,0|0,0,0|0,0,0|0,0,0|0,0,0|0,0,0|0,0,0|0,0,0|0,0,0|0,0,0|0,0,0|0,0,0|0,0,0|0,0,0|0,0,0|0,0,0|0,0,0|0,0,0|0,0,0|0,0,0|0,0,0|0,0,0|0,0,0|0,0,0|0,0,0|0,0,0|0,0,0|0,0,0|0,0,0|0,0,0|0,0,0|0,0,0|0,0,0|0,0,0|0,0,0|0,0,0|0,0,0|0,0,0|0,0,0|0,0,0|0,0,0|0,0,0|0,0,0|0,0,0|0,0,0|0,0,0|0,0,0|0,0,0|0,0,0
0,0,0|0,0,0|0,0,0|0,0,0|0,0,0|0,0,0|0,0,0|0,0,0|0,0,0|0,0,0|0,0,0|0,0,0|0,0,0|0,0,0|0,0,0|0,0,0|0,0,0|0,0,0|0,0,0|0,0,0|0,0,0|0,0,0|0,0,0|0,0,0|0,0,0|0,0,0|0,0,0|0,0,0|0,0,0|0,0,0|0,0,0|0,0,0|0,0,0|0,0,0|0,0,0|0,0,0|0,0,0|0,0,0|0,0,0|0,0,0|0,0,0|0,0,0|0,0,0|0,0,0|0,0,0|0,0,0|0,0,0|0,0,0|0,0,0|0,0,0|0,0,0|0,0,0|0,0,0|0,0,0|0,0,0|0,0,0|0,0,0|0,0,0|0,0,0|0,0,0|0,0,0|0,0,0|0,0,0|0,0,0
0,0,0|0,0,0|0,0,0|0,0,0|0,0,0|0,0,0|0,0,0|0,0,0|0,0,0|0,0,0|0,0,0|0,0,0|0,0,0|0,0,0|0,0,0|0,0,0|0,0,0|0,0,0|0,0,0|0,0,0|0,0,0|0,0,0|0,0,0|0,0,0|0,0,0|0,0,0|0,0,0|0,0,0|0,0,0|0,0,0|0,0,0|0,0,0|0,0,0|0,0,0|0,0,0|0,0,0|0,0,0|0,0,0|0,0,0|0,0,0|0,0,0|0,0,0|0,0,0|0,0,0|0,0,0|0,0,0|0,0,0|0,0,0|0,0,0|0,0,0|0,0,0|0,0,0|0,0,0|0,0,0|0,0,0|0,0,0|0,0,0|0,0,0|0,0,0|0,0,0|0,0,0|0,0,0|0,0,0|0,0,0
0,0,0|0,0,0|0,0,0|0,0,0|0,0,0|0,0,0|0,0,0|0,0,0|0,0,0|0,0,0|0,0,0|0,0,0|0,0,0|0,0,0|0,0,0|0,0,0|0,0,0|0,0,0|0,0,0|0,0,0|0,0,0|0,0,0|0,0,0|0,0,0|0,0,0|0,0,0|0,0,0|0,0,0|0,0,0|0,0,0|0,0,0|0,0,0|0,0,0|0,0,0|0,0,0|0,0,0|0,0,0|0,0,0|0,0,0|0,0,0|0,0,0|0,0,0|0,0,0|0,0,0|0,0,0|0,0,0|0,0,0|0,0,0|0,0,0|0,0,0|0,0,0|0,0,0|0,0,0|0,0,0|0,0,0|0,0,0|0,0,0|0,0,0|0,0,0|0,0,0|0,0,0|0,0,0|0,0,0|0,0,0
0,0,0|0,0,0|0,0,0|0,0,0|0,0,0|0,0,0|0,0,0|0,0,0|0,0,0|0,0,0|0,0,0|0,0,0|0,0,0|0,0,0|0,0,0|0,0,0|0,0,0|0,0,0|0,0,0|0,0,0|0,0,0|0,0,0|0,0,0|0,0,0|0,0,0|0,0,0|0,0,0|0,0,0|0,0,0|0,0,0|0,0,0|0,0,0|0,0,0|0,0,0|0,0,0|0,0,0|0,0,0|0,0,0|0,0,0|0,0,0|0,0,0|0,0,0|0,0,0|0,0,0|0,0,0|0,0,0|0,0,0|0,0,0|0,0,0|0,0,0|0,0,0|0,0,0|0,0,0|0,0,0|0,0,0|0,0,0|0,0,0|0,0,0|0,0,0|0,0,0|0,0,0|0,0,0|0,0,0|0,0,0
0,0,0|0,0,0|0,0,0|0,0,0|0,0,0|0,0,0|0,0,0|0,0,0|0,0,0|0,0,0|0,0,0|0,0,0|0,0,0|0,0,0|0,0,0|0,0,0|0,0,0|0,0,0|0,0,0|0,0,0|0,0,0|0,0,0|0,0,0|0,0,0|0,0,0|0,0,0|0,0,0|0,0,0|0,0,0|0,0,0|0,0,0|0,0,0|0,0,0|0,0,0|0,0,0|0,0,0|0,0,0|0,0,0|0,0,0|0,0,0|0,0,0|0,0,0|0,0,0|0,0,0|0,0,0|0,0,0|0,0,0|0,0,0|0,0,0|0,0,0|0,0,0|0,0,0|0,0,0|0,0,0|0,0,0|0,0,0|0,0,0|0,0,0|0,0,0|0,0,0|0,0,0|0,0,0|0,0,0|0,0,0
0,0,0|0,0,0|0,0,0|0,0,0|0,0,0|0,0,0|0,0,0|0,0,0|0,0,0|0,0,0|0,0,0|0,0,0|0,0,0|0,0,0|0,0,0|0,0,0|0,0,0|0,0,0|0,0,0|0,0,0|0,0,0|0,0,0|0,0,0|0,0,0|0,0,0|0,0,0|0,0,0|0,0,0|0,0,0|0,0,0|0,0,0|0,0,0|0,0,0|0,0,0|0,0,0|0,0,0|0,0,0|0,0,0|0,0,0|0,0,0|0,0,0|0,0,0|0,0,0|0,0,0|0,0,0|0,0,0|0,0,0|0,0,0|0,0,0|0,0,0|0,0,0|0,0,0|0,0,0|0,0,0|0,0,0|0,0,0|0,0,0|0,0,0|0,0,0|0,0,0|0,0,0|0,0,0|0,0,0|0,0,0
0,0,0|0,0,0|0,0,0|0,0,0|0,0,0|0,0,0|0,0,0|0,0,0|0,0,0|0,0,0|0,0,0|0,0,0|0,0,0|0,0,0|0,0,0|0,0,0|0,0,0|0,0,0|0,0,0|0,0,0|0,0,0|0,0,0|0,0,0|0,0,0|0,0,0|0,0,0|0,0,0|0,0,0|0,0,0|0,0,0|0,0,0|0,0,0|0,0,0|0,0,0|0,0,0|0,0,0|0,0,0|0,0,0|0,0,0|0,0,0|0,0,0|0,0,0|0,0,0|0,0,0|0,0,0|0,0,0|0,0,0|0,0,0|0,0,0|0,0,0|0,0,0|0,0,0|0,0,0|0,0,0|0,0,0|0,0,0|0,0,0|0,0,0|0,0,0|0,0,0|0,0,0|0,0,0|0,0,0|0,0,0
0,0,0|0,0,0|0,0,0|0,0,0|0,0,0|0,0,0|0,0,0|0,0,0|0,0,0|0,0,0|0,0,0|0,0,0|0,0,0|0,0,0|0,0,0|0,0,0|0,0,0|0,0,0|0,0,0|0,0,0|0,0,0|0,0,0|0,0,0|0,0,0|0,0,0|0,0,0|0,0,0|0,0,0|0,0,0|0,0,0|0,0,0|0,0,0|0,0,0|0,0,0|0,0,0|0,0,0|0,0,0|0,0,0|0,0,0|0,0,0|0,0,0|0,0,0|0,0,0|0,0,0|0,0,0|0,0,0|0,0,0|0,0,0|0,0,0|0,0,0|0,0,0|0,0,0|0,0,0|0,0,0|0,0,0|0,0,0|0,0,0|0,0,0|0,0,0|0,0,0|0,0,0|0,0,0|0,0,0|0,0,0
0,0,0|0,0,0|0,0,0|0,0,0|0,0,0|0,0,0|0,0,0|0,0,0|0,0,0|0,0,0|0,0,0|0,0,0|0,0,0|0,0,0|0,0,0|0,0,0|0,0,0|0,0,0|0,0,0|0,0,0|0,0,0|0,0,0|0,0,0|0,0,0|0,0,0|0,0,0|0,0,0|0,0,0|0,0,0|0,0,0|0,0,0|0,0,0|0,0,0|0,0,0|0,0,0|0,0,0|0,0,0|0,0,0|0,0,0|0,0,0|0,0,0|0,0,0|0,0,0|0,0,0|0,0,0|0,0,0|0,0,0|0,0,0|0,0,0|0,0,0|0,0,0|0,0,0|0,0,0|0,0,0|0,0,0|0,0,0|0,0,0|0,0,0|0,0,0|0,0,0|0,0,0|0,0,0|0,0,0|0,0,0
0,0,0|0,0,0|0,0,0|0,0,0|0,0,0|0,0,0|0,0,0|0,0,0|0,0,0|0,0,0|0,0,0|0,0,0|0,0,0|0,0,0|0,0,0|0,0,0|0,0,0|0,0,0|0,0,0|0,0,0|0,0,0|0,0,0|0,0,0|0,0,0|0,0,0|0,0,0|0,0,0|0,0,0|0,0,0|0,0,0|0,0,0|0,0,0|0,0,0|0,0,0|0,0,0|0,0,0|0,0,0|0,0,0|0,0,0|0,0,0|0,0,0|0,0,0|0,0,0|0,0,0|0,0,0|0,0,0|0,0,0|0,0,0|0,0,0|0,0,0|0,0,0|0,0,0|0,0,0|0,0,0|0,0,0|0,0,0|0,0,0|0,0,0|0,0,0|0,0,0|0,0,0|0,0,0|0,0,0|0,0,0
0,0,0|0,0,0|0,0,0|0,0,0|0,0,0|0,0,0|0,0,0|0,0,0|0,0,0|0,0,0|0,0,0|0,0,0|0,0,0|0,0,0|0,0,0|0,0,0|0,0,0|0,0,0|0,0,0|0,0,0|0,0,0|0,0,0|0,0,0|0,0,0|0,0,0|0,0,0|0,0,0|0,0,0|0,0,0|0,0,0|0,0,0|0,0,0|0,0,0|0,0,0|0,0,0|0,0,0|0,0,0|0,0,0|0,0,0|0,0,0|0,0,0|0,0,0|0,0,0|0,0,0|0,0,0|0,0,0|0,0,0|0,0,0|0,0,0|0,0,0|0,0,0|0,0,0|0,0,0|0,0,0|0,0,0|0,0,0|0,0,0|0,0,0|0,0,0|0,0,0|0,0,0|0,0,0|0,0,0|0,0,0
0,0,0|0,0,0|0,0,0|0,0,0|0,0,0|0,0,0|0,0,0|0,0,0|0,0,0|0,0,0|0,0,0|0,0,0|0,0,0|0,0,0|0,0,0|0,0,0|0,0,0|0,0,0|0,0,0|0,0,0|0,0,0|0,0,0|0,0,0|0,0,0|0,0,0|0,0,0|0,0,0|0,0,0|0,0,0|0,0,0|0,0,0|0,0,0|0,0,0|0,0,0|0,0,0|0,0,0|0,0,0|0,0,0|0,0,0|0,0,0|0,0,0|0,0,0|0,0,0|0,0,0|0,0,0|0,0,0|0,0,0|0,0,0|0,0,0|0,0,0|0,0,0|0,0,0|0,0,0|0,0,0|0,0,0|0,0,0|0,0,0|0,0,0|0,0,0|0,0,0|0,0,0|0,0,0|0,0,0|0,0,0
0,0,0|0,0,0|0,0,0|0,0,0|0,0,0|0,0,0|0,0,0|0,0,0|0,0,0|0,0,0|0,0,0|0,0,0|0,0,0|0,0,0|0,0,0|0,0,0|0,0,0|0,0,0|0,0,0|0,0,0|0,0,0|0,0,0|0,0,0|0,0,0|0,0,0|0,0,0|0,0,0|0,0,0|0,0,0|0,0,0|0,0,0|0,0,0|0,0,0|0,0,0|0,0,0|0,0,0|0,0,0|0,0,0|0,0,0|0,0,0|0,0,0|0,0,0|0,0,0|0,0,0|0,0,0|0,0,0|0,0,0|0,0,0|0,0,0|0,0,0|0,0,0|0,0,0|0,0,0|0,0,0|0,0,0|0,0,0|0,0,0|0,0,0|0,0,0|0,0,0|0,0,0|0,0,0|0,0,0|0,0,0
0,0,0|0,0,0|0,0,0|0,0,0|0,0,0|0,0,0|0,0,0|0,0,0|0,0,0|0,0,0|0,0,0|0,0,0|0,0,0|0,0,0|0,0,0|0,0,0|0,0,0|0,0,0|0,0,0|0,0,0|0,0,0|0,0,0|0,0,0|0,0,0|0,0,0|0,0,0|0,0,0|0,0,0|0,0,0|0,0,0|0,0,0|0,0,0|0,0,0|0,0,0|0,0,0|0,0,0|0,0,0|0,0,0|0,0,0|0,0,0|0,0,0|0,0,0|0,0,0|0,0,0|0,0,0|0,0,0|0,0,0|0,0,0|0,0,0|0,0,0|0,0,0|0,0,0|0,0,0|0,0,0|0,0,0|0,0,0|0,0,0|0,0,0|0,0,0|0,0,0|0,0,0|0,0,0|0,0,0|0,0,0
0,0,0|0,0,0|0,0,0|0,0,0|0,0,0|0,0,0|0,0,0|0,0,0|0,0,0|0,0,0|0,0,0|0,0,0|0,0,0|0,0,0|0,0,0|0,0,0|0,0,0|0,0,0|0,0,0|0,0,0|0,0,0|0,0,0|0,0,0|0,0,0|0,0,0|0,0,0|0,0,0|0,0,0|0,0,0|0,0,0|0,0,0|0,0,0|0,0,0|0,0,0|0,0,0|0,0,0|0,0,0|0,0,0|0,0,0|0,0,0|0,0,0|0,0,0|0,0,0|0,0,0|0,0,0|0,0,0|0,0,0|0,0,0|0,0,0|0,0,0|0,0,0|0,0,0|0,0,0|0,0,0|0,0,0|0,0,0|0,0,0|0,0,0|0,0,0|0,0,0|0,0,0|0,0,0|0,0,0|0,0,0
0,0,0|0,0,0|0,0,0|0,0,0|0,0,0|0,0,0|0,0,0|0,0,0|0,0,0|0,0,0|0,0,0|0,0,0|0,0,0|0,0,0|0,0,0|0,0,0|0,0,0|0,0,0|0,0,0|0,0,0|0,0,0|0,0,0|0,0,0|0,0,0|0,0,0|0,0,0|0,0,0|0,0,0|0,0,0|0,0,0|0,0,0|0,0,0|0,0,0|0,0,0|0,0,0|0,0,0|0,0,0|0,0,0|0,0,0|0,0,0|0,0,0|0,0,0|0,0,0|0,0,0|0,0,0|0,0,0|0,0,0|0,0,0|0,0,0|0,0,0|0,0,0|0,0,0|0,0,0|0,0,0|0,0,0|0,0,0|0,0,0|0,0,0|0,0,0|0,0,0|0,0,0|0,0,0|0,0,0|0,0,0
255,140,0|0,0,0|0,0,0|0,0,0|0,0,0|0,0,0|0,0,0|0,0,0|0,0,0|0,0,0|0,0,0|0,0,0|0,0,0|0,0,0|0,0,0|0,0,0|0,0,0|0,0,0|0,0,0|0,0,0|0,0,0|0,0,0|0,0,0|0,0,0|0,0,0|0,0,0|0,0,0|0,0,0|0,0,0|0,0,0|0,0,0|0,0,0|0,0,0|0,0,0|0,0,0|0,0,0|0,0,0|0,0,0|0,0,0|0,0,0|0,0,0|0,0,0|0,0,0|0,0,0|0,0,0|0,0,0|0,0,0|0,0,0|0,0,0|0,0,0|0,0,0|0,0,0|0,0,0|0,0,0|0,0,0|0,0,0|0,0,0|0,0,0|0,0,0|0,0,0|0,0,0|0,0,0|0,0,0|255,140,0
